%% parameter.m

% f_stim = [20 152 312 667 936 1850 2549 4228 7262 12834 20306]';
% alpha_bm = [-2, -2, -2, -2, -1, -0.1, -0.1, -0.1, -0.1, -0.01, -0.01]';
% beta_oc = 1000*[-2000, -2000, -2000, -200, -200, -200, -200, -200, -200, -200, -200]';
% A_conn = [15 15 15 5 5 1 0.8 0.4 0.2 0.1 0.1]';

f_stim = [152 312 667 936 1850 2549 4228 7262 12834 20306]';
alpha_bm = [-2, -2, -2, -1, -0.1, -0.1, -0.1, -0.1, -0.01, -0.01]';
beta_oc = 1000*[-2000, -2000, -200, -200, -200, -200, -200, -200, -200, -200]';
A_conn = [15 15 5 5 1 0.8 0.4 0.2 0.1 0.1]';
